"","seqnames","start","A","C","G","T","N","=","-","+","TotalReads"
"1","AY032751env","196",0,0,1,0,0,0,0,0,1
"2","AY032751env","197",242,0,0,0,0,0,1,0,242
"3","AY032751env","198",243,0,0,0,0,0,0,0,243
"4","AY032751env","199",0,243,0,0,0,0,0,0,243
"5","AY032751env","200",243,0,0,0,0,0,0,0,243
"6","AY032751env","201",0,0,243,0,0,0,0,0,243
"7","AY032751env","202",0,0,243,0,0,0,0,0,243
"8","AY032751env","203",0,243,0,0,0,0,0,0,243
"9","AY032751env","204",241,0,2,0,0,0,0,0,243
"10","AY032751env","205",241,0,2,0,0,0,0,0,243
"11","AY032751env","206",0,0,0,243,0,0,0,0,243
"12","AY032751env","207",242,0,1,0,0,0,0,0,243
"13","AY032751env","208",0,0,243,0,0,0,0,0,243
"14","AY032751env","209",243,0,0,0,0,0,0,0,243
"15","AY032751env","210",0,0,243,0,0,0,0,0,243
"16","AY032751env","211",0,0,243,0,0,0,0,0,243
"17","AY032751env","212",243,0,0,0,0,0,0,0,243
"18","AY032751env","213",0,0,0,243,0,0,0,0,243
"19","AY032751env","214",0,0,243,0,0,0,0,0,243
"20","AY032751env","215",0,0,0,243,0,0,0,0,243
"21","AY032751env","216",243,0,0,0,0,0,0,0,243
"22","AY032751env","217",0,1,0,242,0,0,0,0,243
"23","AY032751env","218",0,0,243,0,0,0,0,0,243
"24","AY032751env","219",0,0,243,0,0,0,0,0,243
"25","AY032751env","220",243,0,0,0,0,0,0,0,243
"26","AY032751env","221",242,0,1,0,0,0,0,0,243
"27","AY032751env","222",0,0,0,243,0,0,0,0,243
"28","AY032751env","223",0,243,0,0,0,0,0,0,243
"29","AY032751env","224",0,0,0,243,0,0,0,0,243
"30","AY032751env","225",0,242,0,1,0,0,0,0,243
"31","AY032751env","226",0,0,0,243,0,0,0,0,243
"32","AY032751env","227",0,0,0,243,0,0,0,0,243
"33","AY032751env","228",0,0,0,243,0,0,0,0,243
"34","AY032751env","229",0,0,243,0,0,0,0,0,243
"35","AY032751env","230",243,0,0,0,0,0,0,0,243
"36","AY032751env","231",0,0,243,0,0,0,0,0,243
"37","AY032751env","232",243,0,0,0,0,0,0,0,243
"38","AY032751env","233",0,243,0,0,0,0,0,0,243
"39","AY032751env","234",0,243,0,0,0,0,0,0,243
"40","AY032751env","235",0,0,0,243,0,0,0,0,243
"41","AY032751env","236",0,243,0,0,0,0,0,0,243
"42","AY032751env","237",0,0,0,243,0,0,0,0,243
"43","AY032751env","238",243,0,0,0,0,0,0,0,243
"44","AY032751env","239",0,0,0,243,0,0,0,0,243
"45","AY032751env","240",243,0,0,0,0,0,0,0,243
"46","AY032751env","241",243,0,0,0,0,0,0,0,243
"47","AY032751env","242",243,0,0,0,0,0,0,0,243
"48","AY032751env","243",242,0,1,0,0,0,0,0,243
"49","AY032751env","244",0,243,0,0,0,0,0,0,243
"50","AY032751env","245",0,243,0,0,0,0,0,0,243
"51","AY032751env","246",0,243,0,0,0,0,0,0,243
"52","AY032751env","247",0,0,0,243,0,0,0,0,243
"53","AY032751env","248",0,0,243,0,0,0,0,0,243
"54","AY032751env","249",0,0,0,243,0,0,0,0,243
"55","AY032751env","250",0,0,243,0,0,0,0,0,243
"56","AY032751env","251",0,0,0,243,0,0,0,0,243
"57","AY032751env","252",243,0,0,0,0,0,0,0,243
"58","AY032751env","253",243,0,0,0,0,0,0,0,243
"59","AY032751env","254",242,0,1,0,0,0,0,0,243
"60","AY032751env","255",243,0,0,0,0,0,0,0,243
"61","AY032751env","256",0,0,0,243,0,0,0,0,243
"62","AY032751env","257",0,0,0,243,0,0,0,0,243
"63","AY032751env","258",0,0,243,0,0,0,0,0,243
"64","AY032751env","259",242,0,1,0,0,0,0,0,243
"65","AY032751env","260",0,243,0,0,0,0,0,0,243
"66","AY032751env","261",0,243,0,0,0,0,0,0,243
"67","AY032751env","262",0,243,0,0,0,0,0,0,243
"68","AY032751env","263",0,243,0,0,0,0,0,0,243
"69","AY032751env","264",1,242,0,0,0,0,0,0,243
"70","AY032751env","265",0,0,0,243,0,0,0,0,243
"71","AY032751env","266",0,0,0,243,0,0,0,0,243
"72","AY032751env","267",243,0,0,0,0,0,0,0,243
"73","AY032751env","268",0,0,0,243,0,0,0,0,243
"74","AY032751env","269",0,0,243,0,0,0,0,0,243
"75","AY032751env","270",0,243,0,0,0,0,0,0,243
"76","AY032751env","271",243,0,0,0,0,0,0,0,243
"77","AY032751env","272",0,0,0,243,0,0,0,0,243
"78","AY032751env","273",0,1,0,242,0,0,0,0,243
"79","AY032751env","274",243,0,0,0,0,0,0,0,243
"80","AY032751env","275",0,243,0,0,0,0,0,0,243
"81","AY032751env","276",0,243,0,0,0,0,0,0,243
"82","AY032751env","277",243,0,0,0,0,0,0,0,243
"83","AY032751env","278",0,0,0,243,0,0,0,0,243
"84","AY032751env","279",0,0,243,0,0,0,0,0,243
"85","AY032751env","280",243,0,0,0,0,0,0,0,243
"86","AY032751env","281",1,0,242,0,0,0,0,0,243
"87","AY032751env","282",243,0,0,0,0,0,0,0,243
"88","AY032751env","283",0,0,0,243,0,0,0,0,243
"89","AY032751env","284",0,0,243,0,0,0,0,0,243
"90","AY032751env","285",0,243,0,0,0,0,0,0,243
"91","AY032751env","286",243,0,0,0,0,0,0,0,243
"92","AY032751env","287",243,0,0,0,0,0,0,0,243
"93","AY032751env","288",0,0,0,243,0,0,0,0,243
"94","AY032751env","289",243,0,0,0,0,0,0,0,243
"95","AY032751env","290",243,0,0,0,0,0,0,0,243
"96","AY032751env","291",0,0,243,0,0,0,0,0,243
"97","AY032751env","292",243,0,0,0,0,0,0,0,243
"98","AY032751env","293",0,243,0,0,0,0,0,0,243
"99","AY032751env","294",243,0,0,0,0,0,0,0,243
"100","AY032751env","295",0,0,243,0,0,0,0,0,243
"101","AY032751env","296",243,0,0,0,0,0,0,0,243
"102","AY032751env","297",237,0,0,6,0,0,0,0,243
"103","AY032751env","298",243,0,0,0,0,0,0,0,243
"104","AY032751env","299",0,243,0,0,0,0,0,0,243
"105","AY032751env","300",243,0,0,0,0,0,0,0,243
"106","AY032751env","301",5,0,238,0,0,0,0,0,243
"107","AY032751env","302",243,0,0,0,0,0,0,0,243
"108","AY032751env","303",0,237,0,6,0,0,0,0,243
"109","AY032751env","304",243,0,0,0,0,0,0,0,243
"110","AY032751env","305",116,0,127,0,0,0,0,0,243
"111","AY032751env","306",243,0,0,0,0,0,0,0,243
"112","AY032751env","307",0,0,0,243,0,0,0,0,243
"113","AY032751env","308",0,0,243,0,0,0,0,0,243
"114","AY032751env","309",0,0,243,0,0,0,0,0,243
"115","AY032751env","310",0,0,243,0,0,0,0,0,243
"116","AY032751env","311",0,0,243,0,0,0,0,0,243
"117","AY032751env","312",1,0,239,3,0,0,0,0,243
"118","AY032751env","313",0,1,0,242,0,0,0,0,243
"119","AY032751env","314",0,0,0,243,0,0,0,0,243
"120","AY032751env","315",243,0,0,0,0,0,0,0,243
"121","AY032751env","316",243,0,0,0,0,0,0,0,243
"122","AY032751env","317",0,243,0,0,0,0,0,0,243
"123","AY032751env","318",243,0,0,0,0,0,0,0,243
"124","AY032751env","319",32,0,211,0,0,0,0,0,243
"125","AY032751env","320",0,4,239,0,0,0,0,0,243
"126","AY032751env","321",0,0,243,0,0,0,0,0,243
"127","AY032751env","322",242,0,1,0,0,0,0,0,243
"128","AY032751env","323",243,0,0,0,0,0,0,0,243
"129","AY032751env","324",3,0,2,238,0,0,0,58,243
"130","AY032751env","325",0,0,243,0,0,0,0,84,243
"131","AY032751env","326",75,21,1,146,0,0,0,5,243
"132","AY032751env","327",243,0,0,0,0,0,0,19,243
"133","AY032751env","328",137,106,0,0,0,0,0,100,243
"134","AY032751env","329",0,243,0,0,0,0,0,0,243
"135","AY032751env","330",243,0,0,0,0,0,0,0,243
"136","AY032751env","331",243,0,0,0,0,0,0,0,243
"137","AY032751env","332",0,242,0,1,0,0,0,15,243
"138","AY032751env","333",243,0,0,0,0,0,0,0,243
"139","AY032751env","334",243,0,0,0,0,0,0,0,243
"140","AY032751env","335",0,241,0,2,0,0,0,1,243
"141","AY032751env","336",243,0,0,0,0,0,0,1,243
"142","AY032751env","337",239,0,4,0,0,0,0,1,243
"143","AY032751env","338",0,243,0,0,0,0,0,1,243
"144","AY032751env","339",243,0,0,0,0,0,0,0,243
"145","AY032751env","340",95,5,143,0,0,0,0,110,243
"146","AY032751env","341",0,241,0,2,0,0,0,0,243
"147","AY032751env","342",242,0,0,1,0,0,0,1,243
"148","AY032751env","343",225,18,0,0,0,0,0,1,243
"149","AY032751env","344",0,238,0,5,0,0,0,10,243
"150","AY032751env","345",243,0,0,0,0,0,0,64,243
"151","AY032751env","346",217,0,26,0,0,0,0,64,243
"152","AY032751env","347",0,243,0,0,0,0,0,2,243
"153","AY032751env","348",243,0,0,0,0,0,0,0,243
"154","AY032751env","349",21,0,98,124,0,0,0,2,243
"155","AY032751env","350",0,242,1,0,0,0,0,0,243
"156","AY032751env","351",243,0,0,0,0,0,0,0,243
"157","AY032751env","352",234,0,9,0,0,0,0,0,243
"158","AY032751env","353",0,239,4,0,0,0,0,0,243
"159","AY032751env","354",243,0,0,0,0,0,0,0,243
"160","AY032751env","355",225,2,16,0,0,0,0,0,243
"161","AY032751env","356",3,212,0,28,0,0,0,0,243
"162","AY032751env","357",243,0,0,0,0,0,0,0,243
"163","AY032751env","358",227,11,3,2,0,0,0,0,243
"164","AY032751env","359",1,242,0,0,0,0,0,0,243
"165","AY032751env","360",243,0,0,0,0,0,0,0,243
"166","AY032751env","361",12,228,0,3,0,0,0,0,243
"167","AY032751env","362",13,230,0,0,0,0,0,2,243
"168","AY032751env","363",243,0,0,0,0,0,0,0,243
"169","AY032751env","364",231,0,12,0,0,0,0,2,243
"170","AY032751env","365",236,0,7,0,0,0,0,0,243
"171","AY032751env","366",243,0,0,0,0,0,0,144,243
"172","AY032751env","367",9,0,234,0,0,0,0,72,243
"173","AY032751env","368",234,2,7,0,0,0,0,69,243
"174","AY032751env","369",243,0,0,0,0,0,0,144,243
"175","AY032751env","370",226,0,17,0,0,0,0,213,243
"176","AY032751env","371",0,243,0,0,0,0,0,0,243
"177","AY032751env","372",243,0,0,0,0,0,0,0,243
"178","AY032751env","373",15,0,228,0,0,0,0,0,243
"179","AY032751env","374",243,0,0,0,0,0,0,0,243
"180","AY032751env","375",0,0,5,238,0,0,0,0,243
"181","AY032751env","376",0,0,243,0,0,0,0,0,243
"182","AY032751env","377",0,0,1,242,0,0,0,0,243
"183","AY032751env","378",0,0,11,232,0,0,0,0,243
"184","AY032751env","379",0,0,242,1,0,0,0,0,243
"185","AY032751env","380",0,0,19,224,0,0,0,0,243
"186","AY032751env","381",243,0,0,0,0,0,0,0,243
"187","AY032751env","382",243,0,0,0,0,0,0,0,243
"188","AY032751env","383",243,0,0,0,0,0,0,0,243
"189","AY032751env","384",0,0,29,214,0,0,0,0,243
"190","AY032751env","385",0,0,243,0,0,0,0,0,243
"191","AY032751env","386",242,0,1,0,0,0,0,0,243
"192","AY032751env","387",243,0,0,0,0,0,0,0,243
"193","AY032751env","388",242,0,0,1,0,0,0,0,243
"194","AY032751env","389",0,242,1,0,0,0,0,0,243
"195","AY032751env","390",0,0,1,242,0,0,0,0,243
"196","AY032751env","391",243,0,0,0,0,0,0,0,243
"197","AY032751env","392",0,0,243,0,0,0,0,0,243
"198","AY032751env","393",0,1,0,242,0,0,0,0,243
"199","AY032751env","394",0,1,0,242,0,0,0,0,243
"200","AY032751env","395",0,243,0,0,0,0,0,0,243
"201","AY032751env","396",0,1,0,242,0,0,0,0,243
"202","AY032751env","397",0,0,0,243,0,0,0,0,243
"203","AY032751env","398",0,0,243,0,0,0,0,0,243
"204","AY032751env","399",0,0,5,238,0,0,0,0,243
"205","AY032751env","400",0,0,243,0,0,0,0,0,243
"206","AY032751env","401",0,0,0,243,0,0,0,0,243
"207","AY032751env","402",243,0,0,0,0,0,0,0,243
"208","AY032751env","403",243,0,0,0,0,0,0,0,243
"209","AY032751env","404",243,0,0,0,0,0,0,0,243
"210","AY032751env","405",243,0,0,0,0,0,0,0,243
"211","AY032751env","406",243,0,0,0,0,0,0,0,243
"212","AY032751env","407",243,0,0,0,0,0,0,0,243
"213","AY032751env","408",0,243,0,0,0,0,0,0,243
"214","AY032751env","409",243,0,0,0,0,0,0,0,243
"215","AY032751env","410",243,0,0,0,0,0,0,0,243
"216","AY032751env","411",0,0,0,243,0,0,0,0,243
"217","AY032751env","412",242,0,1,0,0,0,0,0,243
"218","AY032751env","413",243,0,0,0,0,0,0,0,243
"219","AY032751env","414",0,0,0,243,0,0,0,0,243
"220","AY032751env","415",0,1,0,242,0,0,0,0,243
"221","AY032751env","416",0,0,243,0,0,0,0,0,243
"222","AY032751env","417",0,0,0,243,0,0,0,0,243
"223","AY032751env","418",243,0,0,0,0,0,0,0,243
"224","AY032751env","419",0,243,0,0,0,0,0,0,243
"225","AY032751env","420",243,0,0,0,0,0,0,0,243
"226","AY032751env","421",0,0,243,0,0,0,0,0,243
"227","AY032751env","422",0,0,243,0,0,0,0,0,243
"228","AY032751env","423",0,243,0,0,0,0,0,0,243
"229","AY032751env","424",0,0,0,243,0,0,0,0,243
"230","AY032751env","425",0,0,0,243,0,0,0,0,243
"231","AY032751env","426",243,0,0,0,0,0,0,0,243
"232","AY032751env","427",0,0,243,0,0,0,0,0,243
"233","AY032751env","428",243,0,0,0,0,0,0,0,243
"234","AY032751env","429",2,0,241,0,0,0,0,0,243
"235","AY032751env","430",0,243,0,0,0,0,0,0,243
"236","AY032751env","431",192,48,2,1,0,0,0,0,243
"237","AY032751env","432",143,0,100,0,0,0,0,0,243
"238","AY032751env","433",0,0,243,0,0,0,0,0,243
"239","AY032751env","434",243,0,0,0,0,0,0,0,243
"240","AY032751env","435",243,0,0,0,0,0,0,0,243
"241","AY032751env","436",0,243,0,0,0,0,0,0,243
"242","AY032751env","437",0,243,0,0,0,0,0,0,243
"243","AY032751env","438",224,1,0,18,0,0,0,0,243
"244","AY032751env","439",242,0,1,0,0,0,0,0,243
"245","AY032751env","440",0,0,0,243,0,0,0,0,243
"246","AY032751env","441",0,0,243,0,0,0,0,0,243
"247","AY032751env","442",0,0,243,0,0,0,0,0,243
"248","AY032751env","443",0,0,0,243,0,0,0,0,243
"249","AY032751env","444",243,0,0,0,0,0,0,0,243
"250","AY032751env","445",243,0,0,0,0,0,0,0,243
"251","AY032751env","446",1,0,242,0,0,0,0,0,243
"252","AY032751env","447",0,241,0,0,0,0,0,0,241
"253","AY032751env","448",0,0,8,233,0,0,0,0,241
"254","AY032751env","449",0,0,241,0,0,0,0,0,241
"255","AY032751env","450",0,0,0,238,0,0,0,0,238
"256","AY032751env","451",238,0,0,0,0,0,0,0,238
"257","AY032751env","452",238,0,0,0,0,0,0,0,238
"258","AY032751env","453",236,0,0,0,0,0,0,0,236
"259","AY032751env","454",0,0,0,243,0,0,0,0,243
"260","AY032751env","455",0,0,0,243,0,0,0,0,243
"261","AY032751env","456",0,0,0,243,0,0,0,0,243
"262","AY032751env","457",235,8,0,0,0,0,0,0,243
"263","AY032751env","458",243,0,0,0,0,0,0,0,243
"264","AY032751env","459",2,240,0,0,0,0,0,0,242
"265","AY032751env","460",241,1,0,0,0,0,0,0,242
"266","AY032751env","461",0,0,0,242,0,0,0,0,242
"267","AY032751env","462",0,0,242,0,0,0,0,0,242
"268","AY032751env","463",242,0,0,0,0,0,0,0,242
"269","AY032751env","464",0,242,0,0,0,0,0,0,242
"270","AY032751env","465",128,0,0,114,0,0,0,0,242
"271","AY032751env","466",0,0,242,0,0,0,0,0,242
"272","AY032751env","467",0,0,242,0,0,0,0,0,242
"273","AY032751env","468",0,0,242,0,0,0,0,0,242
"274","AY032751env","469",0,0,0,243,0,0,0,0,243
"275","AY032751env","470",0,0,0,243,0,0,0,1,243
"276","AY032751env","471",243,0,0,0,0,0,0,0,243
"277","AY032751env","472",243,0,0,0,0,0,0,0,243
"278","AY032751env","473",239,0,4,0,0,0,0,0,243
"279","AY032751env","474",223,9,11,0,0,0,0,0,243
"280","AY032751env","475",131,0,112,0,0,0,0,0,243
"281","AY032751env","476",0,0,243,0,0,0,0,0,243
"282","AY032751env","477",1,0,242,0,0,0,0,0,243
"283","AY032751env","478",0,0,243,0,0,0,0,0,243
"284","AY032751env","479",243,0,0,0,0,0,0,0,243
"285","AY032751env","480",10,233,0,0,0,0,0,0,243
"286","AY032751env","481",243,0,0,0,0,0,0,0,243
"287","AY032751env","482",242,0,1,0,0,0,0,0,243
"288","AY032751env","483",243,0,0,0,0,0,0,0,243
"289","AY032751env","484",242,1,0,0,0,0,0,0,243
"290","AY032751env","485",217,0,26,0,0,0,0,0,243
"291","AY032751env","486",2,0,241,0,0,0,0,0,243
"292","AY032751env","487",243,0,0,0,0,0,0,0,243
"293","AY032751env","488",243,0,0,0,0,0,0,0,243
"294","AY032751env","489",240,1,2,0,0,0,0,0,243
"295","AY032751env","490",0,0,243,0,0,0,0,0,243
"296","AY032751env","491",243,0,0,0,0,0,0,0,243
"297","AY032751env","492",242,1,0,0,0,0,0,0,243
"298","AY032751env","493",0,0,0,243,0,0,0,0,243
"299","AY032751env","494",163,15,0,65,0,0,0,0,243
"300","AY032751env","495",0,18,0,225,0,0,0,0,243
"301","AY032751env","496",239,4,0,0,0,0,0,0,243
"302","AY032751env","497",243,0,0,0,0,0,0,0,243
"303","AY032751env","498",12,0,0,231,0,0,0,0,243
"304","AY032751env","499",0,0,243,0,0,0,0,0,243
"305","AY032751env","500",236,0,7,0,0,0,0,0,243
"306","AY032751env","501",243,0,0,0,0,0,0,0,243
"307","AY032751env","502",242,1,0,0,0,0,0,0,243
"308","AY032751env","503",1,242,0,0,0,0,0,0,243
"309","AY032751env","504",242,1,0,0,0,0,0,0,243
"310","AY032751env","505",0,0,0,243,0,0,0,0,243
"311","AY032751env","506",0,0,243,0,0,0,0,0,243
"312","AY032751env","507",0,0,243,0,0,0,0,0,243
"313","AY032751env","508",0,0,0,243,0,0,0,0,243
"314","AY032751env","509",242,0,0,1,0,0,0,0,243
"315","AY032751env","510",0,3,0,240,0,0,0,0,243
"316","AY032751env","511",0,0,0,243,0,0,0,0,243
"317","AY032751env","512",0,243,0,0,0,0,0,0,243
"318","AY032751env","513",242,0,1,0,0,0,0,0,243
"319","AY032751env","514",243,0,0,0,0,0,0,0,243
"320","AY032751env","515",0,153,90,0,0,0,0,0,243
"321","AY032751env","516",242,0,1,0,0,0,0,0,243
"322","AY032751env","517",0,0,243,0,0,0,0,0,243
"323","AY032751env","518",221,0,2,20,0,0,0,0,243
"324","AY032751env","519",0,0,0,243,0,0,0,0,243
"325","AY032751env","520",0,0,0,243,0,0,0,0,243
"326","AY032751env","521",0,0,0,243,0,0,0,0,243
"327","AY032751env","522",243,0,0,0,0,0,0,0,243
"328","AY032751env","523",240,0,3,0,0,0,0,0,243
"329","AY032751env","524",0,0,0,243,0,0,0,0,243
"330","AY032751env","525",243,0,0,0,0,0,0,0,243
"331","AY032751env","526",0,0,0,243,0,0,0,0,243
"332","AY032751env","527",0,0,243,0,0,0,0,0,243
"333","AY032751env","528",0,0,0,243,0,0,0,0,243
"334","AY032751env","529",0,0,243,0,0,0,0,0,243
"335","AY032751env","530",243,0,0,0,0,0,0,0,243
"336","AY032751env","531",243,0,0,0,0,0,0,0,243
"337","AY032751env","532",0,243,0,0,0,0,0,0,243
"338","AY032751env","533",241,0,2,0,0,0,0,0,243
"339","AY032751env","534",243,0,0,0,0,0,0,0,243
"340","AY032751env","535",243,0,0,0,0,0,0,0,243
"341","AY032751env","536",236,1,6,0,0,0,0,0,243
"342","AY032751env","537",0,3,1,239,0,0,0,0,243
"343","AY032751env","538",239,2,2,0,0,0,0,0,243
"344","AY032751env","539",6,237,0,0,0,0,0,1,243
"345","AY032751env","540",0,0,0,243,0,0,0,0,243
"346","AY032751env","541",236,1,6,0,0,0,0,0,243
"347","AY032751env","542",226,11,6,0,0,0,0,0,243
"348","AY032751env","543",0,0,1,242,0,0,0,0,243
"349","AY032751env","544",30,0,213,0,0,0,0,0,243
"350","AY032751env","545",225,0,18,0,0,0,0,0,243
"351","AY032751env","546",241,1,1,0,0,0,0,0,243
"352","AY032751env","547",243,0,0,0,0,0,0,0,243
"353","AY032751env","548",8,0,235,0,0,0,0,0,243
"354","AY032751env","549",0,0,3,240,0,0,0,0,243
"355","AY032751env","550",0,0,243,0,0,0,0,0,243
"356","AY032751env","551",243,0,0,0,0,0,0,0,243
"357","AY032751env","552",243,0,0,0,0,0,0,0,243
"358","AY032751env","553",243,0,0,0,0,0,0,0,243
"359","AY032751env","554",0,0,243,0,0,0,0,0,243
"360","AY032751env","555",0,0,0,243,0,0,0,0,243
"361","AY032751env","556",243,0,0,0,0,0,0,0,243
"362","AY032751env","557",243,0,0,0,0,0,0,0,243
"363","AY032751env","558",243,0,0,0,0,0,0,0,243
"364","AY032751env","559",0,0,0,243,0,0,0,0,243
"365","AY032751env","560",0,0,243,0,0,0,0,0,243
"366","AY032751env","561",0,0,0,243,0,0,0,0,243
"367","AY032751env","562",0,0,0,243,0,0,0,0,243
"368","AY032751env","563",243,0,0,0,0,0,0,0,243
"369","AY032751env","564",0,243,0,0,0,0,0,0,243
"370","AY032751env","565",243,0,0,0,0,0,0,0,243
"371","AY032751env","566",0,0,0,243,0,0,0,0,243
"372","AY032751env","567",0,0,243,0,0,0,0,0,243
"373","AY032751env","568",243,0,0,0,0,0,0,0,243
"374","AY032751env","569",243,0,0,0,0,0,0,0,243
"375","AY032751env","570",0,0,0,243,0,0,0,0,243
"376","AY032751env","571",0,243,0,0,0,0,0,0,243
"377","AY032751env","572",243,0,0,0,0,0,0,0,243
"378","AY032751env","573",0,0,0,243,0,0,0,0,243
"379","AY032751env","574",0,0,0,243,0,0,0,0,243
"380","AY032751env","575",0,0,243,0,0,0,0,0,243
"381","AY032751env","576",0,1,0,242,0,0,0,0,243
"382","AY032751env","577",243,0,0,0,0,0,0,0,243
"383","AY032751env","578",235,8,0,0,0,0,0,0,243
"384","AY032751env","579",0,243,0,0,0,0,0,0,243
"385","AY032751env","580",243,0,0,0,0,0,0,0,243
"386","AY032751env","581",1,242,0,0,0,0,0,0,243
"387","AY032751env","582",0,243,0,0,0,0,0,0,243
"388","AY032751env","583",242,1,0,0,0,0,0,0,243
"389","AY032751env","584",0,0,243,0,0,0,0,0,243
"390","AY032751env","585",0,0,0,243,0,0,0,0,243
"391","AY032751env","586",243,0,0,0,0,0,0,0,243
"392","AY032751env","587",0,0,0,243,0,0,0,0,243
"393","AY032751env","588",0,0,0,243,0,0,0,0,243
"394","AY032751env","589",243,0,0,0,0,0,0,0,243
"395","AY032751env","590",0,0,0,243,0,0,0,0,243
"396","AY032751env","591",0,0,0,243,0,0,0,0,243
"397","AY032751env","592",0,243,0,0,0,0,0,0,243
"398","AY032751env","593",243,0,0,0,0,0,0,0,243
"399","AY032751env","594",242,0,1,0,0,0,0,0,243
"400","AY032751env","595",0,0,243,0,0,0,0,0,243
"401","AY032751env","596",243,0,0,0,0,0,0,0,243
"402","AY032751env","597",243,0,0,0,0,0,0,0,243
"403","AY032751env","598",0,0,0,243,0,0,0,0,243
"404","AY032751env","599",0,243,0,0,0,0,0,0,243
"405","AY032751env","600",0,243,0,0,0,0,0,0,243
"406","AY032751env","601",0,0,0,243,0,0,0,0,243
"407","AY032751env","602",0,0,243,0,0,0,0,0,243
"408","AY032751env","603",0,0,0,243,0,0,0,0,243
"409","AY032751env","604",0,0,243,0,0,0,0,0,243
"410","AY032751env","605",243,0,0,0,0,0,0,0,243
"411","AY032751env","606",0,243,0,0,0,0,0,0,243
"412","AY032751env","607",243,0,0,0,0,0,0,0,243
"413","AY032751env","608",243,0,0,0,0,0,0,0,243
"414","AY032751env","609",0,0,243,0,0,0,0,0,243
"415","AY032751env","610",0,243,0,0,0,0,0,0,243
"416","AY032751env","611",243,0,0,0,0,0,0,0,243
"417","AY032751env","612",0,0,0,243,0,0,0,0,243
"418","AY032751env","613",0,0,0,243,0,0,0,0,243
"419","AY032751env","614",243,0,0,0,0,0,0,0,243
"420","AY032751env","615",0,0,0,243,0,0,0,0,243
"421","AY032751env","616",0,0,0,243,0,0,0,0,243
"422","AY032751env","617",0,0,243,0,0,0,0,0,243
"423","AY032751env","618",0,0,243,0,0,0,0,0,243
"424","AY032751env","619",0,0,243,0,0,0,0,0,243
"425","AY032751env","620",243,0,0,0,0,0,0,0,243
"426","AY032751env","621",0,0,0,243,0,0,0,0,243
"427","AY032751env","622",0,0,243,0,0,0,0,0,243
"428","AY032751env","623",0,243,0,0,0,0,0,0,243
"429","AY032751env","624",0,0,0,243,0,0,0,0,243
"430","AY032751env","625",243,0,0,0,0,0,0,0,243
"431","AY032751env","626",0,0,0,243,0,0,0,0,243
"432","AY032751env","627",0,0,0,243,0,0,0,0,243
"433","AY032751env","628",243,0,0,0,0,0,0,0,243
"434","AY032751env","629",0,0,243,0,0,0,0,0,243
"435","AY032751env","630",243,0,0,0,0,0,0,0,243
"436","AY032751env","631",0,0,0,243,0,0,0,0,243
"437","AY032751env","632",0,0,0,243,0,0,0,0,243
"438","AY032751env","633",0,0,0,243,0,0,0,0,243
"439","AY032751env","634",243,0,0,0,0,0,0,0,243
"440","AY032751env","635",0,0,243,0,0,0,0,0,243
"441","AY032751env","636",243,0,0,0,0,0,0,0,243
"442","AY032751env","637",0,0,0,243,0,0,0,0,243
"443","AY032751env","638",243,0,0,0,0,0,0,0,243
"444","AY032751env","639",0,0,0,243,0,0,0,0,243
"445","AY032751env","640",0,0,0,243,0,0,0,0,243
"446","AY032751env","641",0,0,243,0,0,0,0,0,243
"447","AY032751env","642",0,0,0,243,0,0,0,0,243
"448","AY032751env","643",0,0,243,0,0,0,0,0,243
"449","AY032751env","644",0,243,0,0,0,0,0,0,243
"450","AY032751env","645",243,0,0,0,0,0,0,0,243
"451","AY032751env","646",0,243,0,0,0,0,0,0,243
"452","AY032751env","647",0,243,0,0,0,0,0,0,243
"453","AY032751env","648",28,0,215,0,0,0,0,0,243
"454","AY032751env","649",0,243,0,0,0,0,0,0,243
"455","AY032751env","650",0,243,0,0,0,0,0,0,243
"456","AY032751env","651",243,0,0,0,0,0,0,0,243
"457","AY032751env","652",0,0,243,0,0,0,0,0,243
"458","AY032751env","653",0,0,243,0,0,0,0,0,243
"459","AY032751env","654",0,0,0,243,0,0,0,0,243
"460","AY032751env","655",0,0,0,243,0,0,0,0,243
"461","AY032751env","656",243,0,0,0,0,0,0,0,243
"462","AY032751env","657",0,34,0,209,0,0,0,0,243
"463","AY032751env","658",0,0,243,0,0,0,0,0,243
"464","AY032751env","659",0,243,0,0,0,0,0,0,243
"465","AY032751env","660",0,0,0,243,0,0,0,0,243
"466","AY032751env","661",0,0,0,243,0,0,0,0,243
"467","AY032751env","662",0,0,0,243,0,0,0,0,243
"468","AY032751env","663",0,0,243,0,0,0,0,0,243
"469","AY032751env","664",0,243,0,0,0,0,0,0,243
"470","AY032751env","665",0,0,0,243,0,0,0,0,243
"471","AY032751env","666",0,1,0,242,0,0,0,0,243
"472","AY032751env","667",243,0,0,0,0,0,0,0,243
"473","AY032751env","668",0,0,243,0,0,0,0,0,243
"474","AY032751env","669",0,0,243,0,0,0,0,0,243
"475","AY032751env","670",0,0,0,243,0,0,0,0,243
"476","AY032751env","671",0,0,243,0,0,0,0,0,243
"477","AY032751env","672",0,1,0,242,0,0,0,0,243
"478","AY032751env","673",243,0,0,0,0,0,0,0,243
"479","AY032751env","674",243,0,0,0,0,0,0,0,243
"480","AY032751env","675",0,0,0,243,0,0,0,0,243
"481","AY032751env","676",0,0,243,0,0,0,0,0,243
"482","AY032751env","677",243,0,0,0,0,0,0,0,243
"483","AY032751env","678",0,0,0,243,0,0,0,0,243
"484","AY032751env","679",243,0,0,0,0,0,0,0,243
"485","AY032751env","680",0,243,0,0,0,0,0,0,243
"486","AY032751env","681",242,0,1,0,0,0,0,0,243
"487","AY032751env","682",242,0,1,0,0,0,0,0,243
"488","AY032751env","683",243,0,0,0,0,0,0,0,243
"489","AY032751env","684",0,2,0,241,0,0,0,0,243
"490","AY032751env","685",0,0,0,243,0,0,0,0,243
"491","AY032751env","686",243,0,0,0,0,0,0,0,243
"492","AY032751env","687",0,1,0,242,0,0,0,0,243
"493","AY032751env","688",0,0,0,243,0,0,0,0,243
"494","AY032751env","689",0,243,0,0,0,0,0,0,243
"495","AY032751env","690",243,0,0,0,0,0,0,0,243
"496","AY032751env","691",0,0,243,0,0,0,0,0,243
"497","AY032751env","692",0,0,179,0,0,0,0,0,179
"498","AY032751env","693",0,178,0,1,0,0,0,0,179
"499","AY032751env","694",0,0,0,179,0,0,0,0,179
"500","AY032751env","695",0,0,0,179,0,0,0,0,179
"501","AY032751env","696",0,0,0,179,0,0,0,0,179
"502","AY032751env","697",0,0,179,0,0,0,0,0,179
"503","AY032751env","698",0,179,0,0,0,0,0,0,179
"504","AY032751env","699",0,0,0,179,0,0,0,0,179
"505","AY032751env","700",0,179,0,0,0,0,0,0,179
"506","AY032751env","701",0,179,0,0,0,0,0,0,179
"507","AY032751env","702",0,0,0,179,0,0,0,0,179
"508","AY032751env","703",179,0,0,0,0,0,0,0,179
"509","AY032751env","704",179,0,0,0,0,0,0,0,179
"510","AY032751env","705",0,179,0,0,0,0,0,0,179
"511","AY032751env","706",0,0,0,179,0,0,0,0,179
"512","AY032751env","707",0,0,179,0,0,0,0,0,179
"513","AY032751env","708",0,1,0,178,0,0,0,0,179
"514","AY032751env","709",0,0,0,179,0,0,0,0,179
"515","AY032751env","710",0,179,0,0,0,0,0,0,179
"516","AY032751env","711",0,0,0,179,0,0,0,0,179
"517","AY032751env","712",179,0,0,0,0,0,0,0,179
"518","AY032751env","713",179,0,0,0,0,0,0,0,179
"519","AY032751env","714",0,0,1,0,0,0,0,0,1
"520","AY032751env","715",0,0,1,0,0,0,0,0,1
"521","AY032751env","716",0,0,0,1,0,0,0,0,1
"522","AY032751env","717",1,0,0,0,0,0,0,0,1
"523","AY032751env","718",0,0,1,0,0,0,0,0,1
"524","AY032751env","719",0,0,0,1,0,0,0,0,1
"525","AY032751env","720",0,0,1,0,0,0,0,0,1
"526","AY032751env","721",0,0,1,0,0,0,0,0,1
"527","AY032751env","722",0,0,0,1,0,0,0,0,1
"528","AY032751env","723",0,0,0,1,0,0,0,0,1
"529","AY032751env","724",0,0,0,1,0,0,0,0,1
"530","AY032751env","725",0,1,0,0,0,0,0,0,1
"531","AY032751env","726",0,0,0,1,0,0,0,0,1
"532","AY032751env","727",0,0,0,1,0,0,0,0,1
"533","AY032751env","728",0,1,0,0,0,0,0,0,1
"534","AY032751env","729",1,0,0,0,0,0,0,0,1
"535","AY032751env","730",0,0,0,1,0,0,0,0,1
